   9.99999975E-05     0.00000000    
   2.99999985E-04     0.00000000    
   4.99999966E-04     0.00000000    
   6.99999975E-04     0.00000000    
   8.99999985E-04     0.00000000    
   1.09999999E-03     0.00000000    
   1.30000000E-03     0.00000000    
   1.50000001E-03     0.00000000    
   1.69999991E-03     0.00000000    
   1.89999992E-03     0.00000000    
   2.09999993E-03     0.00000000    
   2.30000005E-03     0.00000000    
   2.49999994E-03     0.00000000    
   2.69999984E-03     0.00000000    
   2.89999996E-03     0.00000000    
   3.09999986E-03     0.00000000    
   3.29999998E-03     0.00000000    
   3.49999988E-03     0.00000000    
   3.70000000E-03     0.00000000    
   3.89999989E-03     0.00000000    
   4.10000002E-03     0.00000000    
   4.29999968E-03     0.00000000    
   4.49999981E-03     0.00000000    
   4.69999993E-03     0.00000000    
   4.90000006E-03     0.00000000    
   5.09999972E-03     0.00000000    
   5.29999984E-03     0.00000000    
   5.49999997E-03     0.00000000    
   5.69999963E-03     0.00000000    
   5.89999976E-03     0.00000000    
   6.09999988E-03     0.00000000    
   6.30000001E-03     0.00000000    
   6.49999967E-03     0.00000000    
   6.69999979E-03     0.00000000    
   6.89999992E-03     0.00000000    
   7.10000005E-03     0.00000000    
   7.29999971E-03     0.00000000    
   7.49999983E-03     0.00000000    
   7.69999996E-03     0.00000000    
   7.89999962E-03     0.00000000    
   8.10000021E-03     0.00000000    
   8.29999987E-03     0.00000000    
   8.49999953E-03     0.00000000    
   8.70000012E-03     0.00000000    
   8.89999978E-03     0.00000000    
   9.09999944E-03     0.00000000    
   9.30000003E-03     0.00000000    
   9.49999969E-03     0.00000000    
   9.69999935E-03     0.00000000    
   9.89999995E-03     0.00000000    
   1.00999996E-02     0.00000000    
   1.03000002E-02     0.00000000    
   1.04999999E-02     0.00000000    
   1.06999995E-02     0.00000000    
   1.09000001E-02     0.00000000    
   1.10999998E-02     0.00000000    
   1.12999994E-02     0.00000000    
   1.15000000E-02     0.00000000    
   1.16999997E-02     0.00000000    
   1.18999993E-02     0.00000000    
   1.20999999E-02     0.00000000    
   1.22999996E-02     0.00000000    
   1.24999993E-02     0.00000000    
   1.26999998E-02     0.00000000    
   1.28999995E-02     0.00000000    
   1.31000001E-02     0.00000000    
   1.32999998E-02     0.00000000    
   1.34999994E-02     0.00000000    
   1.37000000E-02     0.00000000    
   1.38999997E-02     0.00000000    
   1.40999993E-02     0.00000000    
   1.42999999E-02     0.00000000    
   1.44999996E-02     0.00000000    
   1.46999992E-02     0.00000000    
   1.48999998E-02     0.00000000    
   1.50999995E-02     0.00000000    
   1.52999992E-02     0.00000000    
   1.54999997E-02     0.00000000    
   1.56999994E-02     0.00000000    
   1.58999991E-02     0.00000000    
   1.60999987E-02     0.00000000    
   1.63000003E-02     0.00000000    
   1.64999999E-02     0.00000000    
   1.66999996E-02     0.00000000    
   1.68999992E-02     0.00000000    
   1.70999989E-02     0.00000000    
   1.73000004E-02     0.00000000    
   1.75000001E-02     0.00000000    
   1.76999997E-02     0.00000000    
   1.78999994E-02     0.00000000    
   1.80999991E-02     0.00000000    
   1.82999987E-02     0.00000000    
   1.85000002E-02     0.00000000    
   1.86999999E-02     0.00000000    
   1.88999996E-02     0.00000000    
   1.90999992E-02     0.00000000    
   1.92999989E-02     0.00000000    
   1.95000004E-02     0.00000000    
   1.97000001E-02     0.00000000    
   1.98999997E-02     0.00000000    
   2.00999994E-02     0.00000000    
   2.02999990E-02     0.00000000    
   2.04999987E-02     0.00000000    
   2.07000002E-02     0.00000000    
   2.08999999E-02     0.00000000    
   2.10999995E-02     0.00000000    
   2.12999992E-02     0.00000000    
   2.14999989E-02     0.00000000    
   2.16999985E-02     0.00000000    
   2.19000001E-02     0.00000000    
   2.20999997E-02     0.00000000    
   2.22999994E-02     0.00000000    
   2.24999990E-02     0.00000000    
   2.26999987E-02     0.00000000    
   2.29000002E-02     0.00000000    
   2.30999999E-02     0.00000000    
   2.32999995E-02     0.00000000    
   2.34999992E-02     0.00000000    
   2.36999989E-02     0.00000000    
   2.38999985E-02     0.00000000    
   2.41000000E-02     0.00000000    
   2.42999997E-02     0.00000000    
   2.44999994E-02     0.00000000    
   2.46999990E-02     0.00000000    
   2.48999987E-02     0.00000000    
   2.51000002E-02     0.00000000    
   2.52999999E-02     0.00000000    
   2.54999995E-02     0.00000000    
   2.56999992E-02     0.00000000    
   2.58999988E-02     0.00000000    
   2.60999985E-02     0.00000000    
   2.63000000E-02     0.00000000    
   2.64999997E-02     0.00000000    
   2.66999993E-02     0.00000000    
   2.68999990E-02     0.00000000    
   2.70999987E-02     0.00000000    
   2.73000002E-02     0.00000000    
   2.74999999E-02     0.00000000    
   2.76999995E-02     0.00000000    
   2.78999992E-02     0.00000000    
   2.80999988E-02     0.00000000    
   2.82999985E-02     0.00000000    
   2.85000000E-02     0.00000000    
   2.86999997E-02     0.00000000    
   2.88999993E-02     0.00000000    
   2.90999990E-02     0.00000000    
   2.92999987E-02     0.00000000    
   2.95000002E-02     0.00000000    
   2.96999998E-02     0.00000000    
   2.98999995E-02     0.00000000    
   3.00999992E-02     0.00000000    
   3.02999988E-02     0.00000000    
   3.04999985E-02     0.00000000    
   3.07000000E-02     0.00000000    
   3.08999997E-02     0.00000000    
   3.10999993E-02     0.00000000    
   3.13000008E-02     0.00000000    
   3.15000005E-02     0.00000000    
   3.17000002E-02     0.00000000    
   3.18999998E-02     0.00000000    
   3.20999995E-02     0.00000000    
   3.22999991E-02     0.00000000    
   3.24999988E-02     0.00000000    
   3.26999985E-02     0.00000000    
   3.28999981E-02     0.00000000    
   3.30999978E-02     0.00000000    
   3.32999974E-02     0.00000000    
   3.35000008E-02     0.00000000    
   3.37000005E-02     0.00000000    
   3.39000002E-02     0.00000000    
   3.40999998E-02     0.00000000    
   3.42999995E-02     0.00000000    
   3.44999991E-02     0.00000000    
   3.46999988E-02     0.00000000    
   3.48999985E-02     0.00000000    
   3.50999981E-02     0.00000000    
   3.52999978E-02     0.00000000    
   3.54999974E-02     0.00000000    
   3.57000008E-02     0.00000000    
   3.59000005E-02     0.00000000    
   3.61000001E-02     0.00000000    
   3.62999998E-02     0.00000000    
   3.64999995E-02     0.00000000    
   3.66999991E-02     0.00000000    
   3.68999988E-02     0.00000000    
   3.70999984E-02     0.00000000    
   3.72999981E-02     0.00000000    
   3.74999978E-02     0.00000000    
   3.76999974E-02     0.00000000    
   3.79000008E-02     0.00000000    
   3.81000005E-02     0.00000000    
   3.83000001E-02     0.00000000    
   3.84999998E-02     0.00000000    
   3.86999995E-02     0.00000000    
   3.88999991E-02     0.00000000    
   3.90999988E-02     0.00000000    
   3.92999984E-02     0.00000000    
   3.94999981E-02     0.00000000    
   3.96999978E-02     0.00000000    
   3.98999974E-02     0.00000000    
   4.01000008E-02     0.00000000    
   4.03000005E-02     0.00000000    
   4.05000001E-02     0.00000000    
   4.06999998E-02     0.00000000    
   4.08999994E-02     0.00000000    
   4.10999991E-02     0.00000000    
   4.12999988E-02     0.00000000    
   4.14999984E-02     0.00000000    
   4.16999981E-02     0.00000000    
   4.18999977E-02     0.00000000    
   4.20999974E-02     0.00000000    
   4.23000008E-02     0.00000000    
   4.25000004E-02     0.00000000    
   4.27000001E-02     0.00000000    
   4.28999998E-02     0.00000000    
   4.30999994E-02     0.00000000    
   4.32999991E-02     0.00000000    
   4.34999987E-02     0.00000000    
   4.36999984E-02     0.00000000    
   4.38999981E-02     0.00000000    
   4.40999977E-02     0.00000000    
   4.42999974E-02     0.00000000    
   4.44999970E-02     0.00000000    
   4.47000004E-02     0.00000000    
   4.49000001E-02     0.00000000    
   4.50999998E-02     0.00000000    
   4.52999994E-02     0.00000000    
   4.54999991E-02     0.00000000    
   4.56999987E-02     0.00000000    
   4.58999984E-02     0.00000000    
   4.60999981E-02     0.00000000    
   4.62999977E-02     0.00000000    
   4.64999974E-02     0.00000000    
   4.66999970E-02     0.00000000    
   4.69000004E-02     0.00000000    
   4.71000001E-02     0.00000000    
   4.72999997E-02     0.00000000    
   4.74999994E-02     0.00000000    
   4.76999991E-02     0.00000000    
   4.78999987E-02     0.00000000    
   4.80999984E-02     0.00000000    
   4.82999980E-02     0.00000000    
   4.84999977E-02     0.00000000    
   4.86999974E-02     0.00000000    
   4.88999970E-02     0.00000000    
   4.91000004E-02     0.00000000    
   4.93000001E-02     0.00000000    
   4.94999997E-02     0.00000000    
   4.96999994E-02     0.00000000    
   4.98999991E-02     0.00000000    
   5.00999987E-02     0.00000000    
   5.02999984E-02     0.00000000    
   5.04999980E-02     0.00000000    
   5.06999977E-02     0.00000000    
   5.08999974E-02     0.00000000    
   5.10999970E-02     0.00000000    
   5.13000004E-02     0.00000000    
   5.15000001E-02     0.00000000    
   5.16999997E-02     0.00000000    
   5.18999994E-02     0.00000000    
   5.20999990E-02     0.00000000    
   5.22999987E-02     0.00000000    
   5.24999984E-02     0.00000000    
   5.26999980E-02     0.00000000    
   5.28999977E-02     0.00000000    
   5.30999973E-02     0.00000000    
   5.32999970E-02     0.00000000    
   5.35000004E-02     0.00000000    
   5.37000000E-02     0.00000000    
   5.38999997E-02     0.00000000    
   5.40999994E-02     0.00000000    
   5.42999990E-02     0.00000000    
   5.44999987E-02     0.00000000    
   5.46999983E-02     0.00000000    
   5.48999980E-02     0.00000000    
   5.50999977E-02     0.00000000    
   5.52999973E-02     0.00000000    
   5.54999970E-02     0.00000000    
   5.57000004E-02     0.00000000    
   5.59000000E-02     0.00000000    
   5.60999997E-02     0.00000000    
   5.62999994E-02     0.00000000    
   5.64999990E-02     0.00000000    
   5.66999987E-02     0.00000000    
   5.68999983E-02     0.00000000    
   5.70999980E-02     0.00000000    
   5.72999977E-02     0.00000000    
   5.74999973E-02     0.00000000    
   5.76999970E-02     0.00000000    
   5.79000004E-02     0.00000000    
   5.81000000E-02     0.00000000    
   5.82999997E-02     0.00000000    
   5.84999993E-02     0.00000000    
   5.86999990E-02     0.00000000    
   5.88999987E-02     0.00000000    
   5.90999983E-02     0.00000000    
   5.92999980E-02     0.00000000    
   5.94999976E-02     0.00000000    
   5.96999973E-02     0.00000000    
   5.98999970E-02     0.00000000    
   6.00999966E-02     0.00000000    
   6.03000000E-02     0.00000000    
   6.04999997E-02     0.00000000    
   6.06999993E-02     0.00000000    
   6.08999990E-02     0.00000000    
   6.10999987E-02     0.00000000    
   6.12999983E-02     0.00000000    
   6.14999980E-02     0.00000000    
   6.16999976E-02     0.00000000    
   6.18999973E-02     0.00000000    
   6.20999970E-02     0.00000000    
   6.22999966E-02     0.00000000    
   6.25000000E-02     0.00000000    
   6.26999959E-02     0.00000000    
   6.28999993E-02     0.00000000    
   6.30999953E-02     0.00000000    
   6.32999986E-02     0.00000000    
   6.35000020E-02     0.00000000    
   6.36999980E-02     0.00000000    
   6.39000013E-02     0.00000000    
   6.40999973E-02     0.00000000    
   6.43000007E-02     0.00000000    
   6.44999966E-02     0.00000000    
   6.47000000E-02     0.00000000    
   6.48999959E-02     0.00000000    
   6.50999993E-02     0.00000000    
   6.52999952E-02     0.00000000    
   6.54999986E-02     0.00000000    
   6.57000020E-02     0.00000000    
   6.58999979E-02     0.00000000    
   6.61000013E-02     0.00000000    
   6.62999973E-02     0.00000000    
   6.65000007E-02     0.00000000    
   6.66999966E-02     0.00000000    
   6.69000000E-02     0.00000000    
   6.70999959E-02     0.00000000    
   6.72999993E-02     0.00000000    
   6.74999952E-02     0.00000000    
   6.76999986E-02     0.00000000    
   6.79000020E-02     0.00000000    
   6.80999979E-02     0.00000000    
   6.83000013E-02     0.00000000    
   6.84999973E-02     0.00000000    
   6.87000006E-02     0.00000000    
   6.88999966E-02     0.00000000    
   6.91000000E-02     0.00000000    
   6.92999959E-02     0.00000000    
   6.94999993E-02     0.00000000    
   6.96999952E-02     0.00000000    
   6.98999986E-02     0.00000000    
   7.00999945E-02     0.00000000    
   7.02999979E-02     0.00000000    
   7.05000013E-02     0.00000000    
   7.06999972E-02     0.00000000    
   7.09000006E-02     0.00000000    
   7.10999966E-02     0.00000000    
   7.13000000E-02     0.00000000    
   7.14999959E-02     0.00000000    
   7.16999993E-02     0.00000000    
   7.18999952E-02     0.00000000    
   7.20999986E-02     0.00000000    
   7.22999945E-02     0.00000000    
   7.24999979E-02     0.00000000    
   7.27000013E-02     0.00000000    
   7.28999972E-02     0.00000000    
   7.31000006E-02     0.00000000    
   7.32999966E-02     0.00000000    
   7.34999999E-02     0.00000000    
   7.36999959E-02     0.00000000    
   7.38999993E-02     0.00000000    
   7.40999952E-02     0.00000000    
   7.42999986E-02     0.00000000    
   7.44999945E-02     0.00000000    
   7.46999979E-02     0.00000000    
   7.49000013E-02     0.00000000    
   7.50999972E-02     0.00000000    
   7.53000006E-02     0.00000000    
   7.54999965E-02     0.00000000    
   7.56999999E-02     0.00000000    
   7.58999959E-02     0.00000000    
   7.60999992E-02     0.00000000    
   7.62999952E-02     0.00000000    
   7.64999986E-02     0.00000000    
   7.66999945E-02     0.00000000    
   7.68999979E-02     0.00000000    
   7.71000013E-02     0.00000000    
   7.72999972E-02     0.00000000    
   7.75000006E-02     0.00000000    
   7.76999965E-02     0.00000000    
   7.78999999E-02     0.00000000    
   7.80999959E-02     0.00000000    
   7.82999992E-02     0.00000000    
   7.84999952E-02     0.00000000    
   7.86999986E-02     0.00000000    
   7.88999945E-02     0.00000000    
   7.90999979E-02     0.00000000    
   7.93000013E-02     0.00000000    
   7.94999972E-02     0.00000000    
   7.97000006E-02     0.00000000    
   7.98999965E-02     0.00000000    
   8.00999999E-02     0.00000000    
   8.02999958E-02     0.00000000    
   8.04999992E-02     0.00000000    
   8.06999952E-02     0.00000000    
   8.08999985E-02     0.00000000    
   8.10999945E-02     0.00000000    
   8.12999979E-02     0.00000000    
   8.15000013E-02     0.00000000    
   8.16999972E-02     0.00000000    
   8.19000006E-02     0.00000000    
   8.20999965E-02     0.00000000    
   8.22999999E-02     0.00000000    
   8.24999958E-02     0.00000000    
   8.26999992E-02     0.00000000    
   8.28999951E-02     0.00000000    
   8.30999985E-02     0.00000000    
   8.32999945E-02     0.00000000    
   8.34999979E-02     0.00000000    
   8.37000012E-02     0.00000000    
   8.38999972E-02     0.00000000    
   8.41000006E-02     0.00000000    
   8.42999965E-02     0.00000000    
   8.44999999E-02     0.00000000    
   8.46999958E-02     0.00000000    
   8.48999992E-02     0.00000000    
   8.50999951E-02     0.00000000    
   8.52999985E-02     0.00000000    
   8.54999945E-02     0.00000000    
   8.56999978E-02     0.00000000    
   8.59000012E-02     0.00000000    
   8.60999972E-02     0.00000000    
   8.63000005E-02     0.00000000    
   8.64999965E-02     0.00000000    
   8.66999999E-02     0.00000000    
   8.68999958E-02     0.00000000    
   8.70999992E-02     0.00000000    
   8.72999951E-02     0.00000000    
   8.74999985E-02     0.00000000    
   8.76999944E-02     0.00000000    
   8.78999978E-02     0.00000000    
   8.81000012E-02     0.00000000    
   8.82999972E-02     0.00000000    
   8.85000005E-02     0.00000000    
   8.86999965E-02     0.00000000    
   8.88999999E-02     0.00000000    
   8.90999958E-02     0.00000000    
   8.92999992E-02     0.00000000    
   8.94999951E-02     0.00000000    
   8.96999985E-02     0.00000000    
   8.98999944E-02     0.00000000    
   9.00999978E-02     0.00000000    
   9.03000012E-02     0.00000000    
   9.04999971E-02     0.00000000    
   9.07000005E-02     0.00000000    
   9.08999965E-02     0.00000000    
   9.10999998E-02     0.00000000    
   9.12999958E-02     0.00000000    
   9.14999992E-02     0.00000000    
   9.16999951E-02     0.00000000    
   9.18999985E-02     0.00000000    
   9.20999944E-02     0.00000000    
   9.22999978E-02     0.00000000    
   9.25000012E-02     0.00000000    
   9.26999971E-02     0.00000000    
   9.29000005E-02     0.00000000    
   9.30999964E-02     0.00000000    
   9.32999998E-02     0.00000000    
   9.34999958E-02     0.00000000    
   9.36999992E-02     0.00000000    
   9.38999951E-02     0.00000000    
   9.40999985E-02     0.00000000    
   9.42999944E-02     0.00000000    
   9.44999978E-02     0.00000000    
   9.47000012E-02     0.00000000    
   9.48999971E-02     0.00000000    
   9.51000005E-02     0.00000000    
   9.52999964E-02     0.00000000    
   9.54999998E-02     0.00000000    
   9.56999958E-02     0.00000000    
   9.58999991E-02     0.00000000    
   9.60999951E-02     0.00000000    
   9.62999985E-02     0.00000000    
   9.64999944E-02     0.00000000    
   9.66999978E-02     0.00000000    
   9.69000012E-02     0.00000000    
   9.70999971E-02     0.00000000    
   9.73000005E-02     0.00000000    
   9.74999964E-02     0.00000000    
   9.76999998E-02     0.00000000    
   9.78999957E-02     0.00000000    
   9.80999991E-02     0.00000000    
   9.82999951E-02     0.00000000    
   9.84999985E-02     0.00000000    
   9.86999944E-02     0.00000000    
   9.88999978E-02     0.00000000    
   9.91000012E-02     0.00000000    
   9.92999971E-02     0.00000000    
   9.95000005E-02     0.00000000    
   9.96999964E-02     0.00000000    
   9.98999998E-02     0.00000000    
  0.100099996         0.00000000    
  0.100299999         0.00000000    
  0.100499995         0.00000000    
  0.100699998         0.00000000    
  0.100899994         0.00000000    
  0.101099998         0.00000000    
  0.101300001         0.00000000    
  0.101499997         0.00000000    
  0.101700000         0.00000000    
  0.101899996         0.00000000    
  0.102100000         0.00000000    
  0.102299996         0.00000000    
  0.102499999         0.00000000    
  0.102699995         0.00000000    
  0.102899998         0.00000000    
  0.103099994         0.00000000    
  0.103299998         0.00000000    
  0.103499994         0.00000000    
  0.103699997         0.00000000    
  0.103900000         0.00000000    
  0.104099996         0.00000000    
  0.104300000         0.00000000    
  0.104499996         0.00000000    
  0.104699999         0.00000000    
  0.104899995         0.00000000    
  0.105099998         0.00000000    
  0.105299994         0.00000000    
  0.105499998         0.00000000    
  0.105699994         0.00000000    
  0.105899997         0.00000000    
  0.106100000         0.00000000    
  0.106299996         0.00000000    
  0.106500000         0.00000000    
  0.106699996         0.00000000    
  0.106899999         0.00000000    
  0.107099995         0.00000000    
  0.107299998         0.00000000    
  0.107499994         0.00000000    
  0.107699998         0.00000000    
  0.107899994         0.00000000    
  0.108099997         0.00000000    
  0.108300000         0.00000000    
  0.108499996         0.00000000    
  0.108700000         0.00000000    
  0.108899996         0.00000000    
  0.109099999         0.00000000    
  0.109299995         0.00000000    
  0.109499998         0.00000000    
  0.109699994         0.00000000    
  0.109899998         0.00000000    
  0.110099994         0.00000000    
  0.110299997         0.00000000    
  0.110500000         0.00000000    
  0.110699996         0.00000000    
  0.110900000         0.00000000    
  0.111099996         0.00000000    
  0.111299999         0.00000000    
  0.111499995         0.00000000    
  0.111699998         0.00000000    
  0.111899994         0.00000000    
  0.112099998         0.00000000    
  0.112299994         0.00000000    
  0.112499997         0.00000000    
  0.112700000         0.00000000    
  0.112899996         0.00000000    
  0.113100000         0.00000000    
  0.113299996         0.00000000    
  0.113499999         0.00000000    
  0.113699995         0.00000000    
  0.113899998         0.00000000    
  0.114099994         0.00000000    
  0.114299998         0.00000000    
  0.114499994         0.00000000    
  0.114699997         0.00000000    
  0.114900000         0.00000000    
  0.115099996         0.00000000    
  0.115300000         0.00000000    
  0.115499996         0.00000000    
  0.115699999         0.00000000    
  0.115899995         0.00000000    
  0.116099998         0.00000000    
  0.116299994         0.00000000    
  0.116499998         0.00000000    
  0.116699994         0.00000000    
  0.116899997         0.00000000    
  0.117100000         0.00000000    
  0.117299996         0.00000000    
  0.117500000         0.00000000    
  0.117699996         0.00000000    
  0.117899999         0.00000000    
  0.118099995         0.00000000    
  0.118299998         0.00000000    
  0.118499994         0.00000000    
  0.118699998         0.00000000    
  0.118899994         0.00000000    
  0.119099997         0.00000000    
  0.119300000         0.00000000    
  0.119499996         0.00000000    
  0.119700000         0.00000000    
  0.119899996         0.00000000    
  0.120099999         0.00000000    
  0.120299995         0.00000000    
  0.120499998         0.00000000    
  0.120699994         0.00000000    
  0.120899998         0.00000000    
  0.121099994         0.00000000    
  0.121299997         0.00000000    
  0.121500000         0.00000000    
  0.121699996         0.00000000    
  0.121900000         0.00000000    
  0.122099996         0.00000000    
  0.122299999         0.00000000    
  0.122499995         0.00000000    
  0.122699998         0.00000000    
  0.122899994         0.00000000    
  0.123099998         0.00000000    
  0.123299994         0.00000000    
  0.123499997         0.00000000    
  0.123700000         0.00000000    
  0.123899996         0.00000000    
  0.124100000         0.00000000    
  0.124299996         0.00000000    
  0.124499999         0.00000000    
  0.124699995         0.00000000    
  0.124899998         0.00000000    
  0.125100002         0.00000000    
  0.125299990         0.00000000    
  0.125499994         0.00000000    
  0.125699997         0.00000000    
  0.125900000         0.00000000    
  0.126100004         0.00000000    
  0.126299992         0.00000000    
  0.126499996         0.00000000    
  0.126699999         0.00000000    
  0.126900002         0.00000000    
  0.127099991         0.00000000    
  0.127299994         0.00000000    
  0.127499998         0.00000000    
  0.127700001         0.00000000    
  0.127899989         0.00000000    
  0.128099993         0.00000000    
  0.128299996         0.00000000    
  0.128500000         0.00000000    
  0.128700003         0.00000000    
  0.128899992         0.00000000    
  0.129099995         0.00000000    
  0.129299998         0.00000000    
  0.129500002         0.00000000    
  0.129699990         0.00000000    
  0.129899994         0.00000000    
  0.130099997         0.00000000    
  0.130300000         0.00000000    
  0.130500004         0.00000000    
  0.130699992         0.00000000    
  0.130899996         0.00000000    
  0.131099999         0.00000000    
  0.131300002         0.00000000    
  0.131499991         0.00000000    
  0.131699994         0.00000000    
  0.131899998         0.00000000    
  0.132100001         0.00000000    
  0.132299989         0.00000000    
  0.132499993         0.00000000    
  0.132699996         0.00000000    
  0.132900000         0.00000000    
  0.133100003         0.00000000    
  0.133299991         0.00000000    
  0.133499995         0.00000000    
  0.133699998         0.00000000    
  0.133900002         0.00000000    
  0.134099990         0.00000000    
  0.134299994         0.00000000    
  0.134499997         0.00000000    
  0.134700000         0.00000000    
  0.134900004         0.00000000    
  0.135099992         0.00000000    
  0.135299996         0.00000000    
  0.135499999         0.00000000    
  0.135700002         0.00000000    
  0.135899991         0.00000000    
  0.136099994         0.00000000    
  0.136299998         0.00000000    
  0.136500001         0.00000000    
  0.136699989         0.00000000    
  0.136899993         0.00000000    
  0.137099996         0.00000000    
  0.137300000         0.00000000    
  0.137500003         0.00000000    
  0.137699991         0.00000000    
  0.137899995         0.00000000    
  0.138099998         0.00000000    
  0.138300002         0.00000000    
  0.138499990         0.00000000    
  0.138699993         0.00000000    
  0.138899997         0.00000000    
  0.139100000         0.00000000    
  0.139300004         0.00000000    
  0.139499992         0.00000000    
  0.139699996         0.00000000    
  0.139899999         0.00000000    
  0.140100002         0.00000000    
  0.140299991         0.00000000    
  0.140499994         0.00000000    
  0.140699998         0.00000000    
  0.140900001         0.00000000    
  0.141099989         0.00000000    
  0.141299993         0.00000000    
  0.141499996         0.00000000    
  0.141700000         0.00000000    
  0.141900003         0.00000000    
  0.142099991         0.00000000    
  0.142299995         0.00000000    
  0.142499998         0.00000000    
  0.142700002         0.00000000    
  0.142899990         0.00000000    
  0.143099993         0.00000000    
  0.143299997         0.00000000    
  0.143500000         0.00000000    
  0.143700004         0.00000000    
  0.143899992         0.00000000    
  0.144099995         0.00000000    
  0.144299999         0.00000000    
  0.144500002         0.00000000    
  0.144699991         0.00000000    
  0.144899994         0.00000000    
  0.145099998         0.00000000    
  0.145300001         0.00000000    
  0.145499989         0.00000000    
  0.145699993         0.00000000    
  0.145899996         0.00000000    
  0.146100000         0.00000000    
  0.146300003         0.00000000    
  0.146499991         0.00000000    
  0.146699995         0.00000000    
  0.146899998         0.00000000    
  0.147100002         0.00000000    
  0.147299990         0.00000000    
  0.147499993         0.00000000    
  0.147699997         0.00000000    
  0.147900000         0.00000000    
  0.148100004         0.00000000    
  0.148299992         0.00000000    
  0.148499995         0.00000000    
  0.148699999         0.00000000    
  0.148900002         0.00000000    
  0.149099991         0.00000000    
  0.149299994         0.00000000    
  0.149499997         0.00000000    
  0.149700001         0.00000000    
  0.149899989         0.00000000    
  0.150099993         0.00000000    
  0.150299996         0.00000000    
  0.150500000         0.00000000    
  0.150700003         0.00000000    
  0.150899991         0.00000000    
  0.151099995         0.00000000    
  0.151299998         0.00000000    
  0.151500002         0.00000000    
  0.151699990         0.00000000    
  0.151899993         0.00000000    
  0.152099997         0.00000000    
  0.152300000         0.00000000    
  0.152500004         0.00000000    
  0.152699992         0.00000000    
  0.152899995         0.00000000    
  0.153099999         0.00000000    
  0.153300002         0.00000000    
  0.153499991         0.00000000    
  0.153699994         0.00000000    
  0.153899997         0.00000000    
  0.154100001         0.00000000    
  0.154299989         0.00000000    
  0.154499993         0.00000000    
  0.154699996         0.00000000    
  0.154899999         0.00000000    
  0.155100003         0.00000000    
  0.155299991         0.00000000    
  0.155499995         0.00000000    
  0.155699998         0.00000000    
  0.155900002         0.00000000    
  0.156099990         0.00000000    
  0.156299993         0.00000000    
  0.156499997         0.00000000    
  0.156700000         0.00000000    
  0.156899989         0.00000000    
  0.157099992         0.00000000    
  0.157299995         0.00000000    
  0.157499999         0.00000000    
  0.157700002         0.00000000    
  0.157899991         0.00000000    
  0.158099994         0.00000000    
  0.158299997         0.00000000    
  0.158500001         0.00000000    
  0.158699989         0.00000000    
  0.158899993         0.00000000    
  0.159099996         0.00000000    
  0.159299999         0.00000000    
  0.159500003         0.00000000    
  0.159699991         0.00000000    
  0.159899995         0.00000000    
  0.160099998         0.00000000    
  0.160300002         0.00000000    
  0.160499990         0.00000000    
  0.160699993         0.00000000    
  0.160899997         0.00000000    
  0.161100000         0.00000000    
  0.161299989         0.00000000    
  0.161499992         0.00000000    
  0.161699995         0.00000000    
  0.161899999         0.00000000    
  0.162100002         0.00000000    
  0.162299991         0.00000000    
  0.162499994         0.00000000    
  0.162699997         0.00000000    
  0.162900001         0.00000000    
  0.163099989         0.00000000    
  0.163299993         0.00000000    
  0.163499996         0.00000000    
  0.163699999         0.00000000    
  0.163900003         0.00000000    
  0.164099991         0.00000000    
  0.164299995         0.00000000    
  0.164499998         0.00000000    
  0.164700001         0.00000000    
  0.164899990         0.00000000    
  0.165099993         0.00000000    
  0.165299997         0.00000000    
  0.165500000         0.00000000    
  0.165699989         0.00000000    
  0.165899992         0.00000000    
  0.166099995         0.00000000    
  0.166299999         0.00000000    
  0.166500002         0.00000000    
  0.166699991         0.00000000    
  0.166899994         0.00000000    
  0.167099997         0.00000000    
  0.167300001         0.00000000    
  0.167499989         0.00000000    
  0.167699993         0.00000000    
  0.167899996         0.00000000    
  0.168099999         0.00000000    
  0.168300003         0.00000000    
  0.168499991         0.00000000    
  0.168699995         0.00000000    
  0.168899998         0.00000000    
  0.169100001         0.00000000    
  0.169299990         0.00000000    
  0.169499993         0.00000000    
  0.169699997         0.00000000    
  0.169900000         0.00000000    
  0.170099989         0.00000000    
  0.170299992         0.00000000    
  0.170499995         0.00000000    
  0.170699999         0.00000000    
  0.170900002         0.00000000    
  0.171099991         0.00000000    
  0.171299994         0.00000000    
  0.171499997         0.00000000    
  0.171700001         0.00000000    
  0.171899989         0.00000000    
  0.172099993         0.00000000    
  0.172299996         0.00000000    
  0.172499999         0.00000000    
  0.172700003         0.00000000    
  0.172899991         0.00000000    
  0.173099995         0.00000000    
  0.173299998         0.00000000    
  0.173500001         0.00000000    
  0.173699990         0.00000000    
  0.173899993         0.00000000    
  0.174099997         0.00000000    
  0.174300000         0.00000000    
  0.174499989         0.00000000    
  0.174699992         0.00000000    
  0.174899995         0.00000000    
  0.175099999         0.00000000    
  0.175300002         0.00000000    
  0.175499991         0.00000000    
  0.175699994         0.00000000    
  0.175899997         0.00000000    
  0.176100001         0.00000000    
  0.176299989         0.00000000    
  0.176499993         0.00000000    
  0.176699996         0.00000000    
  0.176899999         0.00000000    
  0.177100003         0.00000000    
  0.177299991         0.00000000    
  0.177499995         0.00000000    
  0.177699998         0.00000000    
  0.177900001         0.00000000    
  0.178099990         0.00000000    
  0.178299993         0.00000000    
  0.178499997         0.00000000    
  0.178700000         0.00000000    
  0.178899989         0.00000000    
  0.179099992         0.00000000    
  0.179299995         0.00000000    
  0.179499999         0.00000000    
  0.179700002         0.00000000    
  0.179899991         0.00000000    
  0.180099994         0.00000000    
  0.180299997         0.00000000    
  0.180500001         0.00000000    
  0.180699989         0.00000000    
  0.180899993         0.00000000    
  0.181099996         0.00000000    
  0.181299999         0.00000000    
  0.181500003         0.00000000    
  0.181699991         0.00000000    
  0.181899995         0.00000000    
  0.182099998         0.00000000    
  0.182300001         0.00000000    
  0.182499990         0.00000000    
  0.182699993         0.00000000    
  0.182899997         0.00000000    
  0.183100000         0.00000000    
  0.183299989         0.00000000    
  0.183499992         0.00000000    
  0.183699995         0.00000000    
  0.183899999         0.00000000    
  0.184100002         0.00000000    
  0.184299991         0.00000000    
  0.184499994         0.00000000    
  0.184699997         0.00000000    
  0.184900001         0.00000000    
  0.185099989         0.00000000    
  0.185299993         0.00000000    
  0.185499996         0.00000000    
  0.185699999         0.00000000    
  0.185900003         0.00000000    
  0.186099991         0.00000000    
  0.186299995         0.00000000    
  0.186499998         0.00000000    
  0.186700001         0.00000000    
  0.186899990         0.00000000    
  0.187099993         0.00000000    
  0.187299997         0.00000000    
  0.187500000         0.00000000    
  0.187699988         0.00000000    
  0.187899992         0.00000000    
  0.188099995         0.00000000    
  0.188299999         0.00000000    
  0.188500002         0.00000000    
  0.188699991         0.00000000    
  0.188899994         0.00000000    
  0.189099997         0.00000000    
  0.189300001         0.00000000    
  0.189499989         0.00000000    
  0.189699993         0.00000000    
  0.189899996         0.00000000    
  0.190099999         0.00000000    
  0.190299988         0.00000000    
  0.190499991         0.00000000    
  0.190699995         0.00000000    
  0.190899998         0.00000000    
  0.191100001         0.00000000    
  0.191299990         0.00000000    
  0.191499993         0.00000000    
  0.191699997         0.00000000    
  0.191900000         0.00000000    
  0.192099988         0.00000000    
  0.192299992         0.00000000    
  0.192499995         0.00000000    
  0.192699999         0.00000000    
  0.192900002         0.00000000    
  0.193099990         0.00000000    
  0.193299994         0.00000000    
  0.193499997         0.00000000    
  0.193700001         0.00000000    
  0.193899989         0.00000000    
  0.194099993         0.00000000    
  0.194299996         0.00000000    
  0.194499999         0.00000000    
  0.194699988         0.00000000    
  0.194899991         0.00000000    
  0.195099995         0.00000000    
  0.195299998         0.00000000    
  0.195500001         0.00000000    
  0.195699990         0.00000000    
  0.195899993         0.00000000    
  0.196099997         0.00000000    
  0.196300000         0.00000000    
  0.196499988         0.00000000    
  0.196699992         0.00000000    
  0.196899995         0.00000000    
  0.197099999         0.00000000    
  0.197300002         0.00000000    
  0.197499990         0.00000000    
  0.197699994         0.00000000    
  0.197899997         0.00000000    
  0.198100001         0.00000000    
  0.198299989         0.00000000    
  0.198499992         0.00000000    
  0.198699996         0.00000000    
  0.198899999         0.00000000    
  0.199099988         0.00000000    
  0.199299991         0.00000000    
  0.199499995         0.00000000    
  0.199699998         0.00000000    
  0.199900001         0.00000000    
  0.200099990         0.00000000    
  0.200299993         0.00000000    
  0.200499997         0.00000000    
  0.200700000         0.00000000    
  0.200899988         0.00000000    
  0.201099992         0.00000000    
  0.201299995         0.00000000    
  0.201499999         0.00000000    
  0.201700002         0.00000000    
  0.201899990         0.00000000    
  0.202099994         0.00000000    
  0.202299997         0.00000000    
  0.202500001         0.00000000    
  0.202699989         0.00000000    
  0.202899992         0.00000000    
  0.203099996         0.00000000    
  0.203299999         0.00000000    
  0.203499988         0.00000000    
  0.203699991         0.00000000    
  0.203899994         0.00000000    
  0.204099998         0.00000000    
  0.204300001         0.00000000    
  0.204499990         0.00000000    
  0.204699993         0.00000000    
  0.204899997         0.00000000    
  0.205100000         0.00000000    
  0.205299988         0.00000000    
  0.205499992         0.00000000    
  0.205699995         0.00000000    
  0.205899999         0.00000000    
  0.206100002         0.00000000    
  0.206299990         0.00000000    
  0.206499994         0.00000000    
  0.206699997         0.00000000    
  0.206900001         0.00000000    
  0.207099989         0.00000000    
  0.207299992         0.00000000    
  0.207499996         0.00000000    
  0.207699999         0.00000000    
  0.207899988         0.00000000    
  0.208099991         0.00000000    
  0.208299994         0.00000000    
  0.208499998         0.00000000    
  0.208700001         0.00000000    
  0.208899990         0.00000000    
  0.209099993         0.00000000    
  0.209299996         0.00000000    
  0.209500000         0.00000000    
  0.209699988         0.00000000    
  0.209899992         0.00000000    
  0.210099995         0.00000000    
  0.210299999         0.00000000    
  0.210500002         0.00000000    
  0.210699990         0.00000000    
  0.210899994         0.00000000    
  0.211099997         0.00000000    
  0.211300001         0.00000000    
  0.211499989         0.00000000    
  0.211699992         0.00000000    
  0.211899996         0.00000000    
  0.212099999         0.00000000    
  0.212299988         0.00000000    
  0.212499991         0.00000000    
  0.212699994         0.00000000    
  0.212899998         0.00000000    
  0.213100001         0.00000000    
  0.213299990         0.00000000    
  0.213499993         0.00000000    
  0.213699996         0.00000000    
  0.213900000         0.00000000    
  0.214099988         0.00000000    
  0.214299992         0.00000000    
  0.214499995         0.00000000    
  0.214699998         0.00000000    
  0.214900002         0.00000000    
  0.215099990         0.00000000    
  0.215299994         0.00000000    
  0.215499997         0.00000000    
  0.215700001         0.00000000    
  0.215899989         0.00000000    
  0.216099992         0.00000000    
  0.216299996         0.00000000    
  0.216499999         0.00000000    
  0.216699988         0.00000000    
  0.216899991         0.00000000    
  0.217099994         0.00000000    
  0.217299998         0.00000000    
  0.217500001         0.00000000    
  0.217699990         0.00000000    
  0.217899993         0.00000000    
  0.218099996         0.00000000    
  0.218300000         0.00000000    
  0.218499988         0.00000000    
  0.218699992         0.00000000    
  0.218899995         0.00000000    
  0.219099998         0.00000000    
  0.219300002         0.00000000    
  0.219499990         0.00000000    
  0.219699994         0.00000000    
  0.219899997         0.00000000    
  0.220100001         0.00000000    
  0.220299989         0.00000000    
  0.220499992         0.00000000    
  0.220699996         0.00000000    
  0.220899999         0.00000000    
  0.221099988         0.00000000    
  0.221299991         0.00000000    
  0.221499994         0.00000000    
  0.221699998         0.00000000    
  0.221900001         0.00000000    
  0.222099990         0.00000000    
  0.222299993         0.00000000    
  0.222499996         0.00000000    
  0.222700000         0.00000000    
  0.222899988         0.00000000    
  0.223099992         0.00000000    
  0.223299995         0.00000000    
  0.223499998         0.00000000    
  0.223699987         0.00000000    
  0.223899990         0.00000000    
  0.224099994         0.00000000    
  0.224299997         0.00000000    
  0.224500000         0.00000000    
  0.224699989         0.00000000    
  0.224899992         0.00000000    
  0.225099996         0.00000000    
  0.225299999         0.00000000    
  0.225499988         0.00000000    
  0.225699991         0.00000000    
  0.225899994         0.00000000    
  0.226099998         0.00000000    
  0.226300001         0.00000000    
  0.226499990         0.00000000    
  0.226699993         0.00000000    
  0.226899996         0.00000000    
  0.227100000         0.00000000    
  0.227299988         0.00000000    
  0.227499992         0.00000000    
  0.227699995         0.00000000    
  0.227899998         0.00000000    
  0.228099987         0.00000000    
  0.228299990         0.00000000    
  0.228499994         0.00000000    
  0.228699997         0.00000000    
  0.228900000         0.00000000    
  0.229099989         0.00000000    
  0.229299992         0.00000000    
  0.229499996         0.00000000    
  0.229699999         0.00000000    
  0.229899988         0.00000000    
  0.230099991         0.00000000    
  0.230299994         0.00000000    
  0.230499998         0.00000000    
  0.230700001         0.00000000    
  0.230899990         0.00000000    
  0.231099993         0.00000000    
  0.231299996         0.00000000    
  0.231500000         0.00000000    
  0.231699988         0.00000000    
  0.231899992         0.00000000    
  0.232099995         0.00000000    
  0.232299998         0.00000000    
  0.232499987         0.00000000    
  0.232699990         0.00000000    
  0.232899994         0.00000000    
  0.233099997         0.00000000    
  0.233300000         0.00000000    
  0.233499989         0.00000000    
  0.233699992         0.00000000    
  0.233899996         0.00000000    
  0.234099999         0.00000000    
  0.234299988         0.00000000    
  0.234499991         0.00000000    
  0.234699994         0.00000000    
  0.234899998         0.00000000    
  0.235100001         0.00000000    
  0.235299990         0.00000000    
  0.235499993         0.00000000    
  0.235699996         0.00000000    
  0.235900000         0.00000000    
  0.236099988         0.00000000    
  0.236299992         0.00000000    
  0.236499995         0.00000000    
  0.236699998         0.00000000    
  0.236899987         0.00000000    
  0.237099990         0.00000000    
  0.237299994         0.00000000    
  0.237499997         0.00000000    
  0.237700000         0.00000000    
  0.237899989         0.00000000    
  0.238099992         0.00000000    
  0.238299996         0.00000000    
  0.238499999         0.00000000    
  0.238699988         0.00000000    
  0.238899991         0.00000000    
  0.239099994         0.00000000    
  0.239299998         0.00000000    
  0.239500001         0.00000000    
  0.239699990         0.00000000    
  0.239899993         0.00000000    
  0.240099996         0.00000000    
  0.240300000         0.00000000    
  0.240499988         0.00000000    
  0.240699992         0.00000000    
  0.240899995         0.00000000    
  0.241099998         0.00000000    
  0.241299987         0.00000000    
  0.241499990         0.00000000    
  0.241699994         0.00000000    
  0.241899997         0.00000000    
  0.242100000         0.00000000    
  0.242299989         0.00000000    
  0.242499992         0.00000000    
  0.242699996         0.00000000    
  0.242899999         0.00000000    
  0.243099988         0.00000000    
  0.243299991         0.00000000    
  0.243499994         0.00000000    
  0.243699998         0.00000000    
  0.243900001         0.00000000    
  0.244099990         0.00000000    
  0.244299993         0.00000000    
  0.244499996         0.00000000    
  0.244700000         0.00000000    
  0.244899988         0.00000000    
  0.245099992         0.00000000    
  0.245299995         0.00000000    
  0.245499998         0.00000000    
  0.245699987         0.00000000    
  0.245899990         0.00000000    
  0.246099994         0.00000000    
  0.246299997         0.00000000    
  0.246500000         0.00000000    
  0.246699989         0.00000000    
  0.246899992         0.00000000    
  0.247099996         0.00000000    
  0.247299999         0.00000000    
  0.247499987         0.00000000    
  0.247699991         0.00000000    
  0.247899994         0.00000000    
  0.248099998         0.00000000    
  0.248300001         0.00000000    
  0.248499990         0.00000000    
  0.248699993         0.00000000    
  0.248899996         0.00000000    
  0.249100000         0.00000000    
  0.249299988         0.00000000    
  0.249499992         0.00000000    
  0.249699995         0.00000000    
  0.249899998         0.00000000    
